Rectangle 579 155 575 159
Rectangle 579 155 574 159
Rectangle 579 155 573 160
Rectangle 579 155 567 166
Rectangle 579 155 560 171
Rectangle 579 155 551 175
Rectangle 579 155 545 178
Rectangle 579 155 542 180
Rectangle 579 155 539 183
Rectangle 579 155 539 185
Rectangle 579 155 538 186
Rectangle 579 155 538 188
Rectangle 579 155 538 189
Rectangle 579 155 536 190
Rectangle 579 155 524 197
Rectangle 579 155 491 212
Rectangle 579 155 435 235
Rectangle 579 155 403 247
Rectangle 579 155 384 254
Rectangle 579 155 370 261
Rectangle 579 155 358 270
Rectangle 579 155 347 282
Rectangle 579 155 342 286
Rectangle 579 155 339 289
Rectangle 579 155 337 292
Rectangle 579 155 334 295
Rectangle 579 155 334 296
Rectangle 579 155 335 295
Rectangle 579 155 338 293
Rectangle 579 155 342 289
Rectangle 579 155 345 285
Rectangle 579 155 345 284
Rectangle 579 155 345 283
Rectangle 579 155 344 277
Rectangle 579 155 339 266
Rectangle 579 155 332 257
Rectangle 579 155 329 253
Rectangle 579 155 328 251
Rectangle 579 155 326 242
Rectangle 579 155 320 230
Rectangle 579 155 314 221
Rectangle 579 155 312 211
Rectangle 579 155 316 196
Rectangle 579 155 329 174
Rectangle 579 155 339 165
Rectangle 579 155 356 159
Rectangle 579 155 391 152
Rectangle 579 155 433 142
Rectangle 579 155 455 138
Rectangle 579 155 484 136
Rectangle 579 155 504 134
Rectangle 579 155 517 133
Rectangle 579 155 522 132
Rectangle 579 155 523 132
Rectangle 579 155 524 132
Rectangle 579 155 526 132
Rectangle 579 155 527 132
Rectangle 579 155 527 131
Rectangle 579 155 528 129
Rectangle 579 155 528 128
Rectangle 579 155 526 128
Rectangle 579 155 519 129
Rectangle 579 155 504 132
Rectangle 579 155 436 143
Rectangle 579 155 374 150
Rectangle 579 155 323 159
Rectangle 579 155 284 165
Rectangle 579 155 251 174
Rectangle 579 155 244 178
Rectangle 579 155 245 177
Rectangle 579 155 246 176
Rectangle 579 155 250 172
Rectangle 579 155 250 171
Rectangle 579 155 251 170
Rectangle 579 155 258 166
Rectangle 579 155 268 159
Rectangle 579 155 286 152
Rectangle 579 155 334 133
Rectangle 579 155 390 116
Rectangle 579 155 429 108
Rectangle 579 155 497 102
Rectangle 579 155 537 98
Rectangle 579 155 541 98
Rectangle 579 155 540 98
Rectangle 579 155 539 98
Rectangle 579 155 537 98
Rectangle 579 155 527 102
Rectangle 579 155 499 112
Rectangle 579 155 441 135
Rectangle 579 155 349 162
Rectangle 579 155 160 229
Rectangle 579 155 70 256
Rectangle 579 155 33 266
Rectangle 579 155 7 273
Rectangle 579 155 12 272
Rectangle 579 155 43 256
Rectangle 579 155 98 222
Rectangle 579 155 173 176
Rectangle 579 155 297 125
Rectangle 579 155 384 95
Rectangle 579 155 433 75
Rectangle 579 155 445 67
Rectangle 579 155 441 65
Rectangle 579 155 410 68
Rectangle 579 155 381 73
Rectangle 579 155 334 86
Rectangle 579 155 286 104
Rectangle 579 155 223 128
Rectangle 579 155 166 159
Rectangle 579 155 104 196
Rectangle 579 155 53 221
Rectangle 579 155 21 237
Rectangle 579 155 17 239
Rectangle 579 155 21 237
Rectangle 579 155 51 214
Rectangle 579 155 105 178
Rectangle 579 155 178 138
Rectangle 579 155 303 101
Rectangle 579 155 395 81
Rectangle 579 155 447 77
Rectangle 579 155 469 76
Rectangle 579 155 473 75
Rectangle 579 155 476 74
Rectangle 579 155 491 70
Rectangle 579 155 509 65
Rectangle 579 155 535 57
Rectangle 579 155 547 55
Rectangle 579 155 563 52
Rectangle 579 155 575 50
Rectangle 579 155 584 47
Rectangle 579 155 600 44
Rectangle 579 155 613 41
Rectangle 579 155 629 39
Rectangle 579 155 641 39
Rectangle 579 155 651 39
Rectangle 579 155 660 40
Rectangle 579 155 669 42
Rectangle 579 155 678 45
Rectangle 579 155 688 48
Rectangle 579 155 691 49
Rectangle 579 155 698 51
Rectangle 579 155 704 53
Rectangle 579 155 705 53
Rectangle 579 155 706 53
Rectangle 579 155 703 54
Rectangle 579 155 690 54
Rectangle 579 155 653 57
Rectangle 579 155 621 58
Rectangle 579 155 608 57
Rectangle 579 155 591 54
Rectangle 579 155 589 54
Rectangle 579 155 596 65
Rectangle 579 155 611 79
Rectangle 579 155 632 96
Rectangle 579 155 656 118
Rectangle 579 155 680 141
Rectangle 579 155 688 160
Rectangle 579 155 691 175
Rectangle 579 155 694 186
Rectangle 579 155 697 201
Rectangle 579 155 702 214
Rectangle 579 155 707 221
Rectangle 579 155 710 225
Rectangle 579 155 714 232
Rectangle 579 155 717 237
Rectangle 579 155 720 243
Rectangle 579 155 723 255
Rectangle 579 155 723 271
Rectangle 579 155 722 287
Rectangle 579 155 720 300
Rectangle 579 155 717 313
Rectangle 579 155 713 319
Rectangle 579 155 709 328
Rectangle 579 155 703 335
Rectangle 579 155 698 341
Rectangle 579 155 692 346
Rectangle 579 155 689 348
Rectangle 579 155 689 347
Rectangle 579 155 689 342
Rectangle 579 155 690 336
Rectangle 579 155 696 323
Rectangle 579 155 705 312
Rectangle 579 155 720 296
Rectangle 579 155 732 284
Rectangle 579 155 744 269
Rectangle 579 155 748 257
Rectangle 579 155 750 254
Rectangle 579 155 750 253
Rectangle 579 155 749 250
Rectangle 579 155 744 228
Rectangle 579 155 740 194
Rectangle 579 155 736 184
Rectangle 579 155 733 179
Rectangle 579 155 733 175
Rectangle 579 155 732 166
Rectangle 579 155 729 151
Rectangle 579 155 729 151
Rectangle 368 396 368 400
Rectangle 368 396 369 409
Rectangle 368 396 370 427
Rectangle 368 396 379 452
Rectangle 368 396 396 481
Rectangle 368 396 411 507
Rectangle 368 396 429 531
Rectangle 368 396 465 557
Rectangle 368 396 490 567
Rectangle 368 396 502 565
Rectangle 368 396 510 563
Rectangle 368 396 529 565
Rectangle 368 396 559 563
Rectangle 368 396 585 553
Rectangle 368 396 613 533
Rectangle 368 396 623 513
Rectangle 368 396 621 489
Rectangle 368 396 612 460
Rectangle 368 396 608 444
Rectangle 368 396 603 427
Rectangle 368 396 597 416
Rectangle 368 396 582 401
Rectangle 368 396 563 389
Rectangle 368 396 532 378
Rectangle 368 396 496 365
Rectangle 368 396 467 353
Rectangle 368 396 440 345
Rectangle 368 396 424 347
Rectangle 368 396 409 352
Rectangle 368 396 367 360
Rectangle 368 396 328 365
Rectangle 368 396 310 375
Rectangle 368 396 306 381
Rectangle 368 396 300 393
Rectangle 368 396 286 415
Rectangle 368 396 274 431
Rectangle 368 396 267 443
Rectangle 368 396 260 452
Rectangle 368 396 254 465
Rectangle 368 396 250 476
Rectangle 368 396 246 491
Rectangle 368 396 243 504
Rectangle 368 396 239 524
Rectangle 368 396 236 533
Rectangle 368 396 235 556
Rectangle 368 396 236 589
Rectangle 368 396 238 604
Rectangle 368 396 243 618
Rectangle 368 396 261 638
Rectangle 368 396 290 647
Rectangle 368 396 323 650
Rectangle 368 396 333 651
Rectangle 368 396 360 651
Rectangle 368 396 390 649
Rectangle 368 396 454 632
Rectangle 368 396 500 617
Rectangle 368 396 525 606
Rectangle 368 396 542 591
Rectangle 368 396 568 570
Rectangle 368 396 588 551
Rectangle 368 396 603 537
Rectangle 368 396 615 521
Rectangle 368 396 619 504
Rectangle 368 396 611 482
Rectangle 368 396 594 460
Rectangle 368 396 571 439
Rectangle 368 396 541 419
Rectangle 368 396 514 410
Rectangle 368 396 485 406
Rectangle 368 396 477 405
Rectangle 368 396 454 405
Rectangle 368 396 411 420
Rectangle 368 396 381 427
Rectangle 368 396 375 428
Rectangle 368 396 359 436
Rectangle 368 396 342 447
Rectangle 368 396 331 460
Rectangle 368 396 320 476
Rectangle 368 396 316 497
Rectangle 368 396 319 523
Rectangle 368 396 328 539
Rectangle 368 396 360 563
Rectangle 368 396 409 584
Rectangle 368 396 470 597
Rectangle 368 396 497 592
Rectangle 368 396 527 576
Rectangle 368 396 560 548
Rectangle 368 396 574 520
Rectangle 368 396 574 503
Rectangle 368 396 569 494
Rectangle 368 396 547 467
Rectangle 368 396 521 442
Rectangle 368 396 506 424
Rectangle 368 396 492 408
Rectangle 368 396 458 391
Rectangle 368 396 408 382
Rectangle 368 396 300 375
Rectangle 368 396 207 378
Rectangle 368 396 169 384
Rectangle 368 396 187 410
Rectangle 368 396 243 456
Rectangle 368 396 318 507
Rectangle 368 396 392 568
Rectangle 368 396 484 608
Rectangle 368 396 600 627
Rectangle 368 396 630 610
Rectangle 368 396 605 573
Rectangle 368 396 566 548
Rectangle 368 396 424 499
Rectangle 368 396 240 444
Rectangle 368 396 138 407
Rectangle 368 396 128 403
Rectangle 368 396 207 424
Rectangle 368 396 315 453
Rectangle 368 396 439 485
Rectangle 368 396 528 502
Rectangle 368 396 582 519
Rectangle 368 396 606 530
Rectangle 368 396 565 527
Rectangle 368 396 440 506
Rectangle 368 396 260 487
Rectangle 368 396 152 495
Rectangle 368 396 114 501
Rectangle 368 396 174 507
Rectangle 368 396 268 514
Rectangle 368 396 418 523
Rectangle 368 396 571 518
Rectangle 368 396 604 508
Rectangle 368 396 527 501
Rectangle 368 396 393 499
Rectangle 368 396 252 498
Rectangle 368 396 146 508
Rectangle 368 396 162 509
Rectangle 368 396 356 512
Rectangle 368 396 559 515
Rectangle 368 396 673 514
Rectangle 368 396 662 522
Rectangle 368 396 477 536
Rectangle 368 396 283 546
Rectangle 368 396 169 555
Rectangle 368 396 234 555
Rectangle 368 396 453 542
Rectangle 368 396 605 526
Rectangle 368 396 544 530
Rectangle 368 396 347 523
Rectangle 368 396 170 514
Rectangle 368 396 339 519
Rectangle 368 396 592 544
Rectangle 368 396 643 566
Rectangle 368 396 411 579
Rectangle 368 396 166 561
Rectangle 368 396 226 555
Rectangle 368 396 435 554
Rectangle 368 396 571 563
Rectangle 368 396 396 556
Rectangle 368 396 192 550
Rectangle 368 396 307 543
Rectangle 368 396 479 547
Rectangle 368 396 492 552
Rectangle 368 396 187 561
Rectangle 368 396 73 580
Rectangle 368 396 394 612
Rectangle 368 396 646 608
Rectangle 368 396 650 583
Rectangle 368 396 438 545
Rectangle 368 396 179 500
Rectangle 368 396 116 563
Rectangle 368 396 296 724
Rectangle 368 396 481 787
Rectangle 368 396 680 755
Rectangle 368 396 717 589
Rectangle 368 396 462 423
Rectangle 368 396 137 375
Rectangle 368 396 -10 493
Rectangle 368 396 58 703
Rectangle 368 396 379 824
Rectangle 368 396 668 794
Rectangle 368 396 746 641
Rectangle 368 396 527 515
Rectangle 368 396 239 476
Rectangle 368 396 59 589
Rectangle 368 396 219 773
Rectangle 368 396 541 807
Rectangle 368 396 703 679
Rectangle 368 396 581 525
Rectangle 368 396 309 455
Rectangle 368 396 133 490
Rectangle 368 396 125 659
Rectangle 368 396 306 740
Rectangle 368 396 571 711
Rectangle 368 396 677 599
Rectangle 368 396 576 498
Rectangle 368 396 233 472
Rectangle 368 396 105 593
Rectangle 368 396 176 739
Rectangle 368 396 420 770
Rectangle 368 396 600 675
Rectangle 368 396 558 522
Rectangle 368 396 275 478
Rectangle 368 396 47 586
Rectangle 368 396 164 740
Rectangle 368 396 485 761
Rectangle 368 396 660 634
Rectangle 368 396 424 462
Rectangle 368 396 142 454
Rectangle 368 396 -40 633
Rectangle 368 396 186 803
Rectangle 368 396 506 807
Rectangle 368 396 592 619
Rectangle 368 396 393 484
Rectangle 368 396 123 485
Rectangle 368 396 105 619
Rectangle 368 396 349 750
Rectangle 368 396 609 663
Rectangle 368 396 567 517
Rectangle 368 396 288 455
Rectangle 368 396 84 610
Rectangle 368 396 326 719
Rectangle 368 396 607 613
Rectangle 368 396 519 461
Rectangle 368 396 221 413
Rectangle 368 396 50 573
Rectangle 368 396 235 705
Rectangle 368 396 532 656
Rectangle 368 396 558 498
Rectangle 368 396 535 480
Rectangle 368 396 293 407
Rectangle 368 396 44 465
Rectangle 368 396 134 646
Rectangle 368 396 515 683
Rectangle 368 396 649 511
Rectangle 368 396 352 409
Rectangle 368 396 293 402
Rectangle 368 396 49 495
Rectangle 368 396 139 711
Rectangle 368 396 466 725
Rectangle 368 396 663 563
Rectangle 368 396 488 426
Rectangle 368 396 116 422
Rectangle 368 396 75 579
Rectangle 368 396 307 713
Rectangle 368 396 536 686
Rectangle 368 396 562 448
Rectangle 368 396 412 284
Rectangle 368 396 193 364
Rectangle 368 396 290 595
Rectangle 368 396 526 614
Rectangle 368 396 547 388
Rectangle 368 396 382 297
Rectangle 368 396 206 351
Rectangle 368 396 322 531
Rectangle 368 396 573 558
Rectangle 368 396 592 347
Rectangle 368 396 392 261
Rectangle 368 396 335 345
Rectangle 368 396 437 486
Rectangle 368 396 618 444
Rectangle 368 396 581 270
Rectangle 368 396 407 219
Rectangle 368 396 340 280
Rectangle 368 396 485 312
Rectangle 368 396 523 256
Rectangle 368 396 407 204
Rectangle 368 396 283 231
Rectangle 368 396 363 277
Rectangle 368 396 444 263
Rectangle 368 396 392 235
Rectangle 368 396 275 225
Rectangle 368 396 251 219
Rectangle 368 396 242 218
Rectangle 368 396 189 214
Rectangle 368 396 83 214
Rectangle 368 396 65 219
Rectangle 368 396 135 257
Rectangle 368 396 262 332
Rectangle 368 396 355 373
Rectangle 368 396 401 380
Rectangle 368 396 311 353
Rectangle 368 396 182 310
Rectangle 368 396 139 293
Rectangle 368 396 152 294
Rectangle 368 396 284 309
Rectangle 368 396 381 325
Rectangle 368 396 273 333
Rectangle 368 396 140 328
Rectangle 368 396 192 318
Rectangle 368 396 331 328
Rectangle 368 396 254 320
Rectangle 368 396 111 301
Rectangle 368 396 251 317
Rectangle 368 396 311 331
Rectangle 368 396 136 298
Rectangle 368 396 214 264
Rectangle 368 396 335 259
Rectangle 368 396 187 265
Rectangle 368 396 147 268
Rectangle 368 396 313 273
Rectangle 368 396 286 271
Rectangle 368 396 76 244
Rectangle 368 396 276 255
Rectangle 368 396 252 348
Rectangle 312 286 151 369
Rectangle 312 286 290 301
Rectangle 312 286 156 365
Rectangle 312 286 357 215
Rectangle 312 286 338 267
Rectangle 312 286 358 444
Rectangle 312 286 562 537
Rectangle 312 286 684 427
Rectangle 312 286 507 264
Rectangle 312 286 256 261
Rectangle 312 286 287 373
Rectangle 312 286 571 516
Rectangle 312 286 695 409
Rectangle 312 286 564 204
Rectangle 312 286 361 218
Rectangle 312 286 439 392
Rectangle 312 286 678 380
Rectangle 312 286 729 261
Rectangle 312 286 543 223
Rectangle 312 286 442 371
Rectangle 312 286 568 418
Rectangle 312 286 681 309
Rectangle 312 286 609 243
Rectangle 312 286 507 330
Rectangle 312 286 571 394
Rectangle 312 286 691 294
Rectangle 312 286 624 179
Rectangle 312 286 524 222
Rectangle 312 286 561 348
Rectangle 312 286 697 367
Rectangle 312 286 741 237
Rectangle 312 286 597 194
Rectangle 312 286 532 307
Rectangle 312 286 704 378
Rectangle 312 286 821 263
Rectangle 312 286 713 170
Rectangle 312 286 596 232
Rectangle 312 286 695 347
Rectangle 312 286 873 290
Rectangle 312 286 752 136
Rectangle 312 286 638 187
Rectangle 312 286 634 328
Rectangle 312 286 780 258
Rectangle 312 286 711 124
Rectangle 312 286 495 171
Rectangle 312 286 466 323
Rectangle 312 286 711 363
Rectangle 312 286 755 207
Rectangle 312 286 464 160
Rectangle 312 286 351 267
Rectangle 312 286 538 430
Rectangle 312 286 714 412
Rectangle 312 286 711 260
Rectangle 312 286 557 155
Rectangle 312 286 332 236
Rectangle 312 286 255 439
Rectangle 312 286 527 487
Rectangle 312 286 679 322
Rectangle 312 286 618 120
Rectangle 312 286 595 109
Rectangle 312 286 323 314
Rectangle 312 286 601 365
Rectangle 312 286 700 261
Rectangle 312 286 465 117
Rectangle 312 286 240 177
Rectangle 312 286 276 331
Rectangle 312 286 559 323
Rectangle 312 286 551 117
Rectangle 312 286 296 110
Rectangle 312 286 245 249
Rectangle 312 286 514 182
Rectangle 312 286 549 126
Rectangle 312 286 533 125
Rectangle 312 286 287 124
Rectangle 312 286 268 126
Rectangle 312 286 455 125
Rectangle 312 286 388 169
Rectangle 312 286 266 227
Rectangle 312 286 416 223
Rectangle 312 286 458 207
Rectangle 312 286 286 226
Rectangle 312 286 377 269
Rectangle 312 286 472 269
Rectangle 312 286 420 257
Rectangle 312 286 395 308
Rectangle 312 286 458 368
Rectangle 312 286 494 378
Rectangle 312 286 485 356
Rectangle 312 286 465 323
Rectangle 312 286 463 315
Rectangle 312 286 463 316
Rectangle 312 286 473 335
Rectangle 312 286 478 344
Rectangle 312 286 479 351
Rectangle 312 286 479 361
Rectangle 312 286 480 367
Rectangle 312 286 483 372
Rectangle 312 286 483 371
Rectangle 312 286 476 346
Rectangle 312 286 467 325
Rectangle 312 286 459 316
Rectangle 312 286 455 313
Rectangle 312 286 450 306
Rectangle 312 286 446 302
Rectangle 312 286 447 305
Rectangle 312 286 457 321
Rectangle 312 286 465 335
Rectangle 312 286 474 346
Rectangle 312 286 481 352
Rectangle 312 286 496 367
Rectangle 312 286 531 394
Rectangle 312 286 573 423
Rectangle 312 286 606 438
Rectangle 312 286 610 440
Rectangle 312 286 611 441
Rectangle 312 286 612 443
Rectangle 312 286 613 443
Rectangle 312 286 625 434
Rectangle 312 286 620 412
Rectangle 312 286 615 399
Rectangle 312 286 602 373
Rectangle 312 286 595 362
Rectangle 312 286 592 354
Rectangle 312 286 587 348
Rectangle 312 286 581 342
Rectangle 312 286 572 333
Rectangle 312 286 570 332
Rectangle 312 286 567 329
Rectangle 312 286 554 320
Rectangle 312 286 541 311
Rectangle 312 286 525 304
Rectangle 312 286 517 300
Rectangle 312 286 510 298
Rectangle 312 286 499 300
Rectangle 312 286 495 308
Rectangle 312 286 493 322
Rectangle 312 286 501 333
Rectangle 312 286 508 345
Rectangle 312 286 510 355
Rectangle 312 286 514 364
Rectangle 312 286 517 374
Rectangle 312 286 522 387
Rectangle 312 286 529 398
Rectangle 312 286 537 408
Rectangle 312 286 561 418
Rectangle 312 286 575 424
Rectangle 312 286 577 425
Rectangle 312 286 590 431
Rectangle 312 286 606 438
Rectangle 312 286 630 449
Rectangle 312 286 658 468
Rectangle 312 286 677 478
Rectangle 312 286 706 491
Rectangle 312 286 709 494
Rectangle 312 286 720 507
Rectangle 312 286 741 525
Rectangle 312 286 750 536
Rectangle 312 286 752 543
Rectangle 312 286 760 557
Rectangle 312 286 764 564
Rectangle 312 286 765 565
Rectangle 312 286 781 585
Rectangle 312 286 790 602
Rectangle 312 286 793 610
Rectangle 312 286 795 615
Rectangle 312 286 805 642
Rectangle 312 286 813 672
Rectangle 312 286 816 685
Rectangle 312 286 821 706
Rectangle 312 286 824 729
Rectangle 312 286 818 740
Rectangle 312 286 806 755
Rectangle 312 286 777 774
Rectangle 312 286 730 786
Rectangle 312 286 706 778
Rectangle 312 286 675 768
Rectangle 312 286 644 748
Rectangle 312 286 612 719
Rectangle 312 286 610 702
Rectangle 312 286 636 699
Rectangle 312 286 677 719
Rectangle 312 286 684 720
Rectangle 312 286 685 720
Rectangle 312 286 692 728
Rectangle 312 286 715 733
Rectangle 312 286 745 729
Rectangle 312 286 751 728
Rectangle 312 286 768 716
Rectangle 312 286 776 695
Rectangle 312 286 766 653
Rectangle 312 286 705 620
Rectangle 312 286 676 644
Rectangle 312 286 671 680
Rectangle 312 286 707 724
Rectangle 312 286 753 736
Rectangle 312 286 781 716
Rectangle 312 286 773 656
Rectangle 312 286 722 625
Rectangle 312 286 672 651
Rectangle 312 286 648 690
Rectangle 312 286 670 727
Rectangle 312 286 733 731
Rectangle 312 286 750 685
Rectangle 312 286 713 649
Rectangle 312 286 592 626
Rectangle 312 286 534 647
Rectangle 312 286 553 688
Rectangle 312 286 674 705
Rectangle 312 286 674 621
Rectangle 312 286 498 484
Rectangle 312 286 323 439
Rectangle 312 286 426 515
Rectangle 312 286 464 527
Rectangle 312 286 532 440
Rectangle 312 286 435 408
Rectangle 312 286 485 472
Rectangle 312 286 536 497
Rectangle 312 286 482 448
Rectangle 312 286 423 430
Rectangle 312 286 419 450
Rectangle 312 286 436 469
Rectangle 312 286 456 476
Rectangle 312 286 455 470
Rectangle 312 286 454 465
Rectangle 312 286 446 461
Rectangle 312 286 445 461
Rectangle 312 286 443 460
Rectangle 312 286 444 459
Rectangle 312 286 448 446
Rectangle 312 286 449 441
Rectangle 312 286 449 442
Rectangle 312 286 444 467
Rectangle 312 286 446 500
Rectangle 312 286 446 531
Rectangle 312 286 445 546
Rectangle 312 286 417 551
Rectangle 312 286 398 533
Rectangle 312 286 363 494
Rectangle 312 286 325 473
Rectangle 312 286 307 447
Rectangle 312 286 281 420
Rectangle 312 286 240 397
Rectangle 312 286 200 372
Rectangle 312 286 164 339
Rectangle 312 286 127 314
Rectangle 312 286 112 291
Rectangle 312 286 110 239
Rectangle 312 286 110 212
Rectangle 312 286 109 210
Rectangle 312 286 76 242
Rectangle 312 286 48 297
Rectangle 312 286 35 344
Rectangle 312 286 27 378
Rectangle 312 286 16 406
Rectangle 312 286 12 426
Rectangle 312 286 11 428
Rectangle 312 286 9 451
Rectangle 312 286 10 492
Rectangle 312 286 19 526
Rectangle 312 286 17 529
Rectangle 312 286 17 529
